@Right hand swipe left
-0.579027654814509
-1.52855486252252
-0.605106576101333
-1.34002108099766
-0.698788890333802
-0.772455473410967
0.794552022041697
-0.663462719261104
1.05848887914511
-1.01511559699712
1.30257893312822
-1.06936968706663
~
-0.579822110879192
-1.52988602855293
-0.605621811875316
-1.34088681727099
-0.699692855572609
-0.774865021519364
0.794844520822187
-0.664637234829073
1.0589607293145
-1.01591138508657
1.30310241540398
-1.07048917816439
~
-0.581330950570307
-1.53222436791789
-0.606857287211029
-1.3428337600839
-0.701350327130061
-0.777497888575096
0.795196039880998
-0.666897499861434
1.05883351793056
-1.01807414605601
1.30290345579775
-1.07221907507694
~
-0.578397395279618
-1.53198066157143
-0.60790394215453
-1.34456318680138
-0.70227034942866
-0.779130210879817
0.795680311541471
-0.668910259097527
1.05999015322009
-1.0196028863287
1.30449662777421
-1.07412706877049
~
-0.57860643440759
-1.53160211032193
-0.608298482911451
-1.34483655763711
-0.702517262131206
-0.780134109916034
0.794411545266392
-0.670515207786042
1.0585370659553
-1.0199819064392
1.30308757904222
-1.07454178295869
~
-0.578935972817065
-1.53115249661615
-0.608927694493335
-1.34458799639041
-0.703211555214903
-0.779798511741225
0.794547306719749
-0.670753001513219
1.05810399043469
-1.01981862573302
1.30313008164128
-1.07444678124505
~
-0.578993709271831
-1.5307738450471
-0.608177280050759
-1.34364596030357
-0.702577366548357
-0.779132426832545
0.794711906683173
-0.670441479320802
1.0580102888692
-1.01934816223874
1.30239176211335
-1.07355461582291
~
-0.576572348802227
-1.52890487324985
-0.60784774304067
-1.34338768005032
-0.702189438504104
-0.778672124454507
0.794452777832004
-0.670722367232138
1.05744310282421
-1.0192324328976
1.30187240403067
-1.07297047114675
~
-0.575995471866208
-1.52816920595087
-0.60745616560764
-1.34336706203052
-0.701812649971408
-0.778817885732389
0.795569119197529
-0.678618860714775
1.05725283032596
-1.01927839524849
1.30181219596991
-1.07259962781706
~
-0.575796500718924
-1.52724586404307
-0.608054793256349
-1.34326457608889
-0.701137279155093
-0.780223274756241
0.795332922488224
-0.676695844188076
1.05731225059697
-1.01961579852177
1.30241967496504
-1.07240369371342
~
-0.57593654492775
-1.52830436641331
-0.608216346060781
-1.34427492833459
-0.701173695187427
-0.781156947193355
0.796120184347771
-0.675412956769444
1.06175104443311
-1.02101149003284
1.30964858361987
-1.07360776849371
~
-0.575661333723751
-1.52732398145707
-0.608146646651309
-1.34389918703294
-0.700832825325246
-0.781773970963509
0.800077306784244
-0.687258853340717
1.06746298272031
-1.01972612036055
1.32088015890361
-1.07113825059504
~
-0.574730662668917
-1.52526631764464
-0.607233838238237
-1.34259843252539
-0.699676817086702
-0.781173552536033
0.804345231297528
-0.690987226014285
1.07492900069558
-1.01321293814654
1.33547243042805
-1.06219141173242
~
-0.565337288948543
-1.51163597683807
-0.606066782363471
-1.33502956362331
-0.697648859830872
-0.774856616200621
0.805653127015585
-0.683301496816343
1.07526449403777
-0.9934476716969
1.3354949038908
-1.04068090521101
~
-0.558605450091691
-1.49490624442034
-0.600565345883966
-1.32618555751346
-0.68904568674852
-0.771729395309417
0.800329079771014
-0.652488199378457
1.0521993200825
-0.974645620776853
1.30815647932763
-1.02333119219706
~
-0.555492981628165
-1.50227767904675
-0.596349898675406
-1.3317569990986
-0.68374141336563
-0.778341233391942
0.793350984165668
-0.617085968640162
0.962342745000018
-0.973712299037523
1.20300786995904
-1.03944262350467
~
-0.554300620623624
-1.50872033839312
-0.59419427665654
-1.33566385741868
-0.681952294463074
-0.775905609498595
0.789348281789661
-0.580792172034185
0.788501565782994
-0.970100332659246
0.878443418086241
-1.02362883732938
~
-0.558822592909946
-1.49997121201291
-0.597660215711651
-1.33394212447492
-0.684169959520525
-0.781352993903376
0.790049423762754
-0.588908852336389
0.624408362803946
-0.912533913411226
0.485780442974457
-1.0246630959363
~
-0.569308385244514
-1.50840675448262
-0.60983900923562
-1.35600210781484
-0.686393515853404
-0.792549146124283
0.674198017455223
-0.624440583856252
0.309612342312574
-0.927890403171927
0.229235930651262
-0.933516380548476
~
-0.583744190722079
-1.51696691143439
-0.648577096844742
-1.2973929578774
-0.695396356976154
-0.704290454589222
0.499089926150332
-0.738422794927784
-0.115114165086034
-0.922422651029753
-0.407122404233921
-0.977639890742151
~
-0.603665442394989
-1.54418219964742
-0.663246614941761
-1.31240951209555
-0.729864708424529
-0.629144686120145
0.504472018973674
-0.717288427115053
-0.391574817845011
-0.934343521857632
-0.715579346325288
-0.997769240536657
~
-0.622412059718695
-1.58531767307351
-0.673306990635444
-1.33707750730112
-0.74255866314897
-0.638402009202849
0.488001586526468
-0.692999472224362
-0.372849966210077
-0.914919788389905
-0.676617900944332
-0.973430190240306
~
-0.633605785175575
-1.60633464713977
-0.685003291953353
-1.36425507009602
-0.745198009214359
-0.646985823844981
0.469982274352872
-0.671344487221874
-0.221176998196774
-0.872381523090944
-0.463795830906336
-0.934340219016061
~
-0.6516505451573
-1.6147394918911
-0.701947815765477
-1.3827144412891
-0.743915416239859
-0.679144111198544
0.467938902855733
-0.670605436893465
-0.228925936038604
-0.889533367155004
-0.475217300305995
-0.95242992460276
~
-0.664794712928152
-1.65504660699824
-0.671717696198302
-1.43142465503629
-0.749097518976634
-0.716665019729647
0.471587136282744
-0.670334704692688
-0.226412616218441
-0.911883889749986
-0.475487621230371
-0.97549130779372
~
-0.649428152045634
-1.6399191639531
-0.723132731487183
-1.43102042126166
-0.753810240443293
-0.729794641571255
0.472693928328554
-0.672150861122215
-0.22495342211501
-0.92602392501335
-0.475399604943893
-0.989981523867323
~
-0.650123472729435
-1.6434670401821
-0.728545398339878
-1.43335856100666
-0.754720072804065
-0.742110566016027
0.473552515248644
-0.672690758071373
-0.223624819448683
-0.931575189707684
-0.474631892949363
-0.995676029626831
~
-0.661182215910804
-1.64613998644286
-0.744618977593248
-1.44420010662187
-0.757258814684886
-0.74651767547437
0.473614269524227
-0.674137612631789
-0.223864036514034
-0.936397475066136
-0.475488331504363
-1.00065595557275
~
-0.645504918772452
-1.63864324526294
-0.730737190873447
-1.4370259800426
-0.759316194278125
-0.753816709281986
0.473518647082964
-0.673814991076593
-0.22274820281796
-0.938743927736729
-0.474422413246493
-1.00301516523977
~
-0.754264783074814
-1.69919186553703
-0.840802433147291
-1.49698726679241
-0.755758329543607
-0.767923203978263
0.474184641474923
-0.673864501023085
-0.220904498661569
-0.940891317633517
-0.472562351747239
-1.00515838376263
~
-0.676503078714655
-1.67030538949846
-0.762995708281704
-1.46820598572299
-0.756983585160339
-0.775125300750764
0.47559074166903
-0.675645652517399
-0.218556079431033
-0.943284990828056
-0.470082594479103
-1.00751849847442
~
-0.673456250095783
-1.68651601374176
-0.759649505969143
-1.48511624065156
-0.751256005723036
-0.791818474821909
0.476218228882695
-0.676510817071721
-0.215526577085093
-0.942671106466685
-0.466182436592656
-1.00668225160751
~
-0.661779101235548
-1.68698900742595
-0.752367385850924
-1.48071656306403
-0.748660469076943
-0.79697687815982
0.474497939633534
-0.678841691462915
-0.213828573883875
-0.9400544906
-0.462903066424776
-1.00366179324283
~
----