@Right hand swipe right
-0.526590696731124
-1.5202514058093
-0.56613568852044
-1.37527188841457
-0.675455501866062
-0.811086128643424
0.643902333385356
-0.694214919169424
-0.247128748987164
-0.670397738534802
-0.461209363773497
-0.712704202527442
~
-0.525395085700378
-1.54470739176894
-0.566241495451997
-1.37806824532903
-0.675732332670042
-0.816917521121857
0.643791367743781
-0.693907780463231
-0.247741220399904
-0.67006183465932
-0.462148513588149
-0.711423057066268
~
-0.520102992824644
-1.51930162588381
-0.567015866573614
-1.37779961008112
-0.674286133410172
-0.816990199863882
0.643674029246496
-0.693350127761364
-0.248938995922629
-0.674890168765973
-0.463365504560911
-0.715711470394537
~
-0.523097215711941
-1.51554965020919
-0.566873123285314
-1.38385487179253
-0.673058805663975
-0.823786766074245
0.643336899598085
-0.693348915263131
-0.25273955946911
-0.689586443141502
-0.455993876959448
-0.751472627200174
~
-0.525949980319297
-1.51653654852998
-0.566732046363857
-1.38095889001873
-0.673540524339313
-0.821297499564961
0.644852762694573
-0.693410547705312
-0.247858994016108
-0.678453537227797
-0.46395308820366
-0.710660292441752
~
-0.522885239115271
-1.53899888672563
-0.568022371779302
-1.37651120314464
-0.674599199890044
-0.816528582416172
0.644201009550785
-0.693654397799902
-0.249211180176346
-0.676647799212235
-0.46524184778849
-0.710070695102385
~
-0.523763358097836
-1.54735494067716
-0.567239000706139
-1.38489526306314
-0.67431195005505
-0.824656591888076
0.643389389770725
-0.693658101182878
-0.249911950445258
-0.676063938156742
-0.465785723604573
-0.710269292407048
~
-0.531176366870344
-1.51688404332815
-0.56961753816615
-1.37536038206387
-0.674778912552222
-0.813695821530047
0.643297328902582
-0.694365911494988
-0.2508591942751
-0.668382446818705
-0.464809859345683
-0.71470895566008
~
-0.530895332541296
-1.51596475982266
-0.571677586869358
-1.3736012578722
-0.675621095791649
-0.810717529773485
0.643966109886342
-0.694721138119041
-0.254348614151226
-0.679933164116572
-0.45159809564702
-0.771715315019408
~
-0.525440539948451
-1.51309097098433
-0.56963804058404
-1.37267599414141
-0.675652671525802
-0.810361999651416
0.643542503002295
-0.694790356757376
-0.25130306216503
-0.671315125098996
-0.46622387247892
-0.712966810847283
~
-0.524924322021332
-1.52268072649155
-0.570837637877441
-1.36580335528111
-0.676508222025892
-0.803479096002176
0.642721260824698
-0.695039617131282
-0.255827654420588
-0.701123870928973
-0.472798837652339
-0.698766342679443
~
-0.527666875247633
-1.51322279220984
-0.57251968066542
-1.36542135851522
-0.677293491401769
-0.802467376905811
0.643214056677223
-0.694872821916295
-0.250073800750227
-0.670220336510859
-0.465302021013159
-0.708554147584115
~
-0.528725896836531
-1.51439160573867
-0.573424812293543
-1.37176203366968
-0.675865222378534
-0.808532080848319
0.642604084101793
-0.695670040372054
-0.257491846237579
-0.701146543192901
-0.473844750357225
-0.714203017342155
~
-0.526140311895065
-1.5211584348225
-0.570406395810407
-1.38638380903638
-0.674657569352139
-0.826661935200951
0.643388058303264
-0.696463688608166
-0.256430854846663
-0.701633127427975
-0.468768131855088
-0.721008374085134
~
-0.532136560466817
-1.52152612224463
-0.568158608632753
-1.38602239064194
-0.674839637143974
-0.826767087150409
0.643499428209244
-0.696548788456935
-0.241838963078186
-0.674039195034314
-0.555509481976133
-0.706862502610203
~
-0.528852532659982
-1.51949132653153
-0.568542303567093
-1.38173394872448
-0.67490437169372
-0.823563053744139
0.64257845293647
-0.697545021357507
-0.230309009747035
-0.670993451949867
-0.445659053405752
-0.708020521195332
~
-0.527944456607127
-1.51882036945129
-0.573034006790362
-1.36190230170105
-0.673329539122437
-0.804153139642571
0.64886263097123
-0.703558671441631
-0.079217366751333
-0.641162100354977
-0.321503427424566
-0.634360963898286
~
-0.531267613267226
-1.51410464831059
-0.57763798961114
-1.35586202074642
-0.672122290142699
-0.789279910846454
0.653908942591001
-0.716508154264326
0.0571283467397987
-0.620829091141409
-0.178404423868928
-0.591054218127069
~
-0.531714623516734
-1.51148147975428
-0.579737378695639
-1.35577551597661
-0.671884282868641
-0.781983452267049
0.689485368742817
-0.655221552498769
0.296901417934876
-0.620020268170296
0.0615220782905294
-0.533831978904373
~
-0.535220646519788
-1.51499621831511
-0.584289031633454
-1.35977108323276
-0.671399697403465
-0.785223975020192
0.624242499312876
-0.773826659171342
0.416036012222336
-0.601686998699728
0.349306864260187
-0.546517096163349
~
-0.536363416845734
-1.50491964742484
-0.584387216132334
-1.35103008721265
-0.667642566714765
-0.77636874964281
0.765247298501799
-0.826599372312675
0.675025304041229
-0.514014963663402
0.635375531897919
-0.557452302398759
~
-0.523574813587269
-1.48132325198244
-0.581541024660594
-1.33342457985222
-0.664125542128935
-0.762580370716156
0.725733693512662
-0.67619887830369
0.863977299541332
-0.6746555800188
0.905290055047521
-0.512134451058695
~
-0.519556109586291
-1.46934550404722
-0.578134733574042
-1.32487400271206
-0.663452920370675
-0.755981253456502
0.790305640506932
-0.833792367900357
1.11702087404524
-0.56367699391261
1.19889856425453
-0.461372872943781
~
-0.524028976515416
-1.45916504093763
-0.578059976928779
-1.32273840157859
-0.66566534378992
-0.754683824533159
0.912363397977354
-0.694865841126504
1.31463043288936
-0.529512975184439
1.51466399541534
-0.452243957392058
~
-0.544372772270088
-1.4663526672417
-0.577649293734436
-1.32487033097718
-0.666439757995014
-0.75638927028635
0.934018699169003
-0.698770438615523
1.43413538875645
-0.558506253563594
1.63431163127933
-0.47574280554508
~
-0.544309725520215
-1.46227884809495
-0.575309414917776
-1.3211662950603
-0.663895635865154
-0.752904540288059
0.959255782427135
-0.711365699586891
1.4998234685577
-0.593412060961342
1.69876071465699
-0.513438781639496
~
-0.544988780448463
-1.46249915982004
-0.576594758890804
-1.32565228981468
-0.665861961659919
-0.753942776427498
0.974632120888107
-0.723209011755906
1.53024919358152
-0.621395504886931
1.74115453371432
-0.542092738178336
~
-0.544604489859399
-1.4993561634736
-0.5749611916836
-1.33027397915745
-0.666392177724452
-0.754246112352675
0.983278390283986
-0.733865372197871
1.54501366022722
-0.64207840290222
1.77119011119052
-0.565747131231255
~
-0.542898818992274
-1.50126165775537
-0.57369309375653
-1.33012749573187
-0.668415002677928
-0.75300600061697
0.992139322819877
-0.740494109391857
1.56071450417434
-0.655509836335802
1.7891215284076
-0.583567888048873
~
-0.521335901849597
-1.49457596824539
-0.573138898221459
-1.33103949760744
-0.669530242771909
-0.752923066020006
0.991203821080114
-0.744898733203937
1.5610264277052
-0.663103940211433
1.79285455745597
-0.602821869595522
~
-0.525289106578223
-1.47436366281469
-0.573272492669414
-1.3327038591483
-0.669985604677798
-0.753121545663749
0.991999004090553
-0.749379832379288
1.56217993986554
-0.669465537189116
1.79488731689053
-0.610188098197327
~
-0.531818401060029
-1.46290694378417
-0.572466139954599
-1.33317359624686
-0.669437037953554
-0.753282915145908
0.992143413357869
-0.750509775622116
1.56154702133815
-0.672621003539407
1.79404931503343
-0.613797302875767
~
-0.531179637987551
-1.49923033468216
-0.57332982684343
-1.33308044456163
-0.669988576605397
-0.752356487502818
0.9938638569828
-0.751543276549399
1.56274197253562
-0.676193611792782
1.79253770246856
-0.617659607441423
~
----